1.000000e+00 0.000000e+00
1.000000e+03 0.000000e+00
0.000000e+00 0.000000e+00
0.000000e+00 0.000000e+00
1.000000e-06 3.068590e+14
2.101902e-05 2.634878e+14
4.103804e-05 2.438562e+14
6.105706e-05 2.296907e+14
8.107608e-05 2.183575e+14
1.010951e-04 2.088221e+14
1.211141e-04 2.005521e+14
1.411331e-04 1.932314e+14
1.611522e-04 1.866545e+14
1.811712e-04 1.806790e+14
2.011902e-04 1.752017e+14
2.212092e-04 1.701450e+14
2.412282e-04 1.654489e+14
2.612472e-04 1.610657e+14
2.812663e-04 1.569572e+14
3.012853e-04 1.530918e+14
3.213043e-04 1.494435e+14
3.413233e-04 1.459902e+14
3.613423e-04 1.427131e+14
3.813614e-04 1.395962e+14
4.013804e-04 1.366256e+14
4.213994e-04 1.337891e+14
4.414184e-04 1.310760e+14
4.614374e-04 1.284770e+14
4.814565e-04 1.259836e+14
5.014755e-04 1.235885e+14
5.214945e-04 1.212849e+14
5.415135e-04 1.190669e+14
5.615325e-04 1.169290e+14
5.815516e-04 1.148662e+14
6.015706e-04 1.128741e+14
6.215896e-04 1.109485e+14
6.416086e-04 1.090859e+14
6.616276e-04 1.072826e+14
6.816466e-04 1.055355e+14
7.016657e-04 1.038417e+14
7.216847e-04 1.021986e+14
7.417037e-04 1.006035e+14
7.617227e-04 9.905422e+13
7.817417e-04 9.754857e+13
8.017608e-04 9.608453e+13
8.217798e-04 9.466022e+13
8.417988e-04 9.327389e+13
8.618178e-04 9.192389e+13
8.818368e-04 9.060869e+13
9.018559e-04 8.932684e+13
9.218749e-04 8.807697e+13
9.418939e-04 8.685780e+13
9.619129e-04 8.566814e+13
9.819319e-04 8.450683e+13
1.001951e-03 8.337281e+13
1.021970e-03 8.226505e+13
1.041989e-03 8.118260e+13
1.062008e-03 8.012454e+13
1.082027e-03 7.908999e+13
1.102046e-03 7.807815e+13
1.122065e-03 7.708823e+13
1.142084e-03 7.611949e+13
1.162103e-03 7.517121e+13
1.182122e-03 7.424273e+13
1.202141e-03 7.333341e+13
1.222160e-03 7.244262e+13
1.242179e-03 7.156979e+13
1.262198e-03 7.071435e+13
1.282217e-03 6.987578e+13
1.302236e-03 6.905355e+13
1.322255e-03 6.824719e+13
1.342274e-03 6.745622e+13
1.362293e-03 6.668019e+13
1.382312e-03 6.591867e+13
1.402331e-03 6.517125e+13
1.422350e-03 6.443753e+13
1.442369e-03 6.371713e+13
1.462388e-03 6.300968e+13
1.482407e-03 6.231483e+13
1.502426e-03 6.163225e+13
1.522445e-03 6.096160e+13
1.542464e-03 6.030257e+13
1.562483e-03 5.965486e+13
1.582503e-03 5.901817e+13
1.602522e-03 5.839224e+13
1.622541e-03 5.777677e+13
1.642560e-03 5.717152e+13
1.662579e-03 5.657623e+13
1.682598e-03 5.599066e+13
1.702617e-03 5.541457e+13
1.722636e-03 5.484773e+13
1.742655e-03 5.428992e+13
1.762674e-03 5.374093e+13
1.782693e-03 5.320055e+13
1.802712e-03 5.266859e+13
1.822731e-03 5.214485e+13
1.842750e-03 5.162914e+13
1.862769e-03 5.112128e+13
1.882788e-03 5.062111e+13
1.902807e-03 5.012844e+13
1.922826e-03 4.964311e+13
1.942845e-03 4.916496e+13
1.962864e-03 4.869384e+13
1.982883e-03 4.822960e+13
2.002902e-03 4.777209e+13
2.022921e-03 4.732116e+13
2.042940e-03 4.687669e+13
2.062959e-03 4.643853e+13
2.082978e-03 4.600656e+13
2.102997e-03 4.558065e+13
2.123016e-03 4.516068e+13
2.143035e-03 4.474653e+13
2.163054e-03 4.433808e+13
2.183073e-03 4.393521e+13
2.203092e-03 4.353782e+13
2.223111e-03 4.314581e+13
2.243130e-03 4.275906e+13
2.263149e-03 4.237748e+13
2.283168e-03 4.200097e+13
2.303187e-03 4.162942e+13
2.323206e-03 4.126275e+13
2.343225e-03 4.090087e+13
2.363244e-03 4.054368e+13
2.383263e-03 4.019111e+13
2.403282e-03 3.984305e+13
2.423301e-03 3.949944e+13
2.443320e-03 3.916019e+13
2.463339e-03 3.882523e+13
2.483358e-03 3.849447e+13
2.503377e-03 3.816784e+13
2.523396e-03 3.784527e+13
2.543415e-03 3.752668e+13
2.563434e-03 3.721202e+13
2.583453e-03 3.690120e+13
2.603472e-03 3.659417e+13
2.623491e-03 3.629085e+13
2.643511e-03 3.599119e+13
2.663530e-03 3.569512e+13
2.683549e-03 3.540259e+13
2.703568e-03 3.511353e+13
2.723587e-03 3.482788e+13
2.743606e-03 3.454559e+13
2.763625e-03 3.426661e+13
2.783644e-03 3.399087e+13
2.803663e-03 3.371833e+13
2.823682e-03 3.344894e+13
2.843701e-03 3.318264e+13
2.863720e-03 3.291939e+13
2.883739e-03 3.265913e+13
2.903758e-03 3.240182e+13
2.923777e-03 3.214741e+13
2.943796e-03 3.189586e+13
2.963815e-03 3.164712e+13
2.983834e-03 3.140115e+13
3.003853e-03 3.115791e+13
3.023872e-03 3.091735e+13
3.043891e-03 3.067943e+13
3.063910e-03 3.044412e+13
3.083929e-03 3.021137e+13
3.103948e-03 2.998114e+13
3.123967e-03 2.975341e+13
3.143986e-03 2.952812e+13
3.164005e-03 2.930524e+13
3.184024e-03 2.908475e+13
3.204043e-03 2.886660e+13
3.224062e-03 2.865075e+13
3.244081e-03 2.843719e+13
3.264100e-03 2.822586e+13
3.284119e-03 2.801675e+13
3.304138e-03 2.780981e+13
3.324157e-03 2.760502e+13
3.344176e-03 2.740235e+13
3.364195e-03 2.720176e+13
3.384214e-03 2.700324e+13
3.404233e-03 2.680674e+13
3.424252e-03 2.661224e+13
3.444271e-03 2.641972e+13
3.464290e-03 2.622914e+13
3.484309e-03 2.604048e+13
3.504328e-03 2.585371e+13
3.524347e-03 2.566880e+13
3.544366e-03 2.548574e+13
3.564385e-03 2.530450e+13
3.584404e-03 2.512505e+13
3.604423e-03 2.494736e+13
3.624442e-03 2.477142e+13
3.644461e-03 2.459720e+13
3.664480e-03 2.442468e+13
3.684499e-03 2.425383e+13
3.704519e-03 2.408464e+13
3.724538e-03 2.391708e+13
3.744557e-03 2.375113e+13
3.764576e-03 2.358677e+13
3.784595e-03 2.342398e+13
3.804614e-03 2.326274e+13
3.824633e-03 2.310303e+13
3.844652e-03 2.294482e+13
3.864671e-03 2.278811e+13
3.884690e-03 2.263287e+13
3.904709e-03 2.247908e+13
3.924728e-03 2.232673e+13
3.944747e-03 2.217580e+13
3.964766e-03 2.202626e+13
3.984785e-03 2.187810e+13
4.004804e-03 2.173131e+13
4.024823e-03 2.158587e+13
4.044842e-03 2.144176e+13
4.064861e-03 2.129896e+13
4.084880e-03 2.115746e+13
4.104899e-03 2.101724e+13
4.124918e-03 2.087830e+13
4.144937e-03 2.074060e+13
4.164956e-03 2.060414e+13
4.184975e-03 2.046890e+13
4.204994e-03 2.033487e+13
4.225013e-03 2.020204e+13
4.245032e-03 2.007038e+13
4.265051e-03 1.993989e+13
4.285070e-03 1.981054e+13
4.305089e-03 1.968234e+13
4.325108e-03 1.955526e+13
4.345127e-03 1.942929e+13
4.365146e-03 1.930443e+13
4.385165e-03 1.918064e+13
4.405184e-03 1.905793e+13
4.425203e-03 1.893628e+13
4.445222e-03 1.881568e+13
4.465241e-03 1.869612e+13
4.485260e-03 1.857758e+13
4.505279e-03 1.846005e+13
4.525298e-03 1.834353e+13
4.545317e-03 1.822800e+13
4.565336e-03 1.811344e+13
4.585355e-03 1.799986e+13
4.605374e-03 1.788723e+13
4.625393e-03 1.777555e+13
4.645412e-03 1.766481e+13
4.665431e-03 1.755499e+13
4.685450e-03 1.744609e+13
4.705469e-03 1.733809e+13
4.725488e-03 1.723099e+13
4.745508e-03 1.712478e+13
4.765527e-03 1.701944e+13
4.785546e-03 1.691497e+13
4.805565e-03 1.681135e+13
4.825584e-03 1.670859e+13
4.845603e-03 1.660666e+13
4.865622e-03 1.650557e+13
4.885641e-03 1.640529e+13
4.905660e-03 1.630583e+13
4.925679e-03 1.620717e+13
4.945698e-03 1.610931e+13
4.965717e-03 1.601223e+13
4.985736e-03 1.591594e+13
5.005755e-03 1.582041e+13
5.025774e-03 1.572565e+13
5.045793e-03 1.563164e+13
5.065812e-03 1.553837e+13
5.085831e-03 1.544585e+13
5.105850e-03 1.535406e+13
5.125869e-03 1.526299e+13
5.145888e-03 1.517264e+13
5.165907e-03 1.508299e+13
5.185926e-03 1.499405e+13
5.205945e-03 1.490580e+13
5.225964e-03 1.481824e+13
5.245983e-03 1.473136e+13
5.266002e-03 1.464516e+13
5.286021e-03 1.455962e+13
5.306040e-03 1.447474e+13
5.326059e-03 1.439051e+13
5.346078e-03 1.430693e+13
5.366097e-03 1.422399e+13
5.386116e-03 1.414169e+13
5.406135e-03 1.406001e+13
5.426154e-03 1.397895e+13
5.446173e-03 1.389851e+13
5.466192e-03 1.381868e+13
5.486211e-03 1.373945e+13
5.506230e-03 1.366082e+13
5.526249e-03 1.358279e+13
5.546268e-03 1.350533e+13
5.566287e-03 1.342846e+13
5.586306e-03 1.335216e+13
5.606325e-03 1.327643e+13
5.626344e-03 1.320127e+13
5.646363e-03 1.312666e+13
5.666382e-03 1.305260e+13
5.686401e-03 1.297910e+13
5.706420e-03 1.290613e+13
5.726439e-03 1.283370e+13
5.746458e-03 1.276181e+13
5.766477e-03 1.269044e+13
5.786496e-03 1.261959e+13
5.806516e-03 1.254926e+13
5.826535e-03 1.247944e+13
5.846554e-03 1.241013e+13
5.866573e-03 1.234132e+13
5.886592e-03 1.227301e+13
5.906611e-03 1.220519e+13
5.926630e-03 1.213786e+13
5.946649e-03 1.207101e+13
5.966668e-03 1.200465e+13
5.986687e-03 1.193876e+13
6.006706e-03 1.187334e+13
6.026725e-03 1.180838e+13
6.046744e-03 1.174389e+13
6.066763e-03 1.167986e+13
6.086782e-03 1.161628e+13
6.106801e-03 1.155315e+13
6.126820e-03 1.149047e+13
6.146839e-03 1.142823e+13
6.166858e-03 1.136642e+13
6.186877e-03 1.130505e+13
6.206896e-03 1.124411e+13
6.226915e-03 1.118359e+13
6.246934e-03 1.112350e+13
6.266953e-03 1.106383e+13
6.286972e-03 1.100457e+13
6.306991e-03 1.094572e+13
6.327010e-03 1.088728e+13
6.347029e-03 1.082924e+13
6.367048e-03 1.077160e+13
6.387067e-03 1.071436e+13
6.407086e-03 1.065751e+13
6.427105e-03 1.060105e+13
6.447124e-03 1.054498e+13
6.467143e-03 1.048929e+13
6.487162e-03 1.043398e+13
6.507181e-03 1.037904e+13
6.527200e-03 1.032448e+13
6.547219e-03 1.027029e+13
6.567238e-03 1.021647e+13
6.587257e-03 1.016301e+13
6.607276e-03 1.010991e+13
6.627295e-03 1.005716e+13
6.647314e-03 1.000477e+13
6.667333e-03 9.952735e+12
6.687352e-03 9.901045e+12
6.707371e-03 9.849699e+12
6.727390e-03 9.798697e+12
6.747409e-03 9.748033e+12
6.767428e-03 9.697706e+12
6.787447e-03 9.647713e+12
6.807466e-03 9.598050e+12
6.827485e-03 9.548716e+12
6.847505e-03 9.499707e+12
6.867524e-03 9.451020e+12
6.887543e-03 9.402654e+12
6.907562e-03 9.354604e+12
6.927581e-03 9.306869e+12
6.947600e-03 9.259446e+12
6.967619e-03 9.212333e+12
6.987638e-03 9.165526e+12
7.007657e-03 9.119024e+12
7.027676e-03 9.072823e+12
7.047695e-03 9.026922e+12
7.067714e-03 8.981318e+12
7.087733e-03 8.936008e+12
7.107752e-03 8.890990e+12
7.127771e-03 8.846262e+12
7.147790e-03 8.801821e+12
7.167809e-03 8.757665e+12
7.187828e-03 8.713792e+12
7.207847e-03 8.670199e+12
7.227866e-03 8.626884e+12
7.247885e-03 8.583845e+12
7.267904e-03 8.541080e+12
7.287923e-03 8.498586e+12
7.307942e-03 8.456362e+12
7.327961e-03 8.414405e+12
7.347980e-03 8.372712e+12
7.367999e-03 8.331283e+12
7.388018e-03 8.290115e+12
7.408037e-03 8.249205e+12
7.428056e-03 8.208552e+12
7.448075e-03 8.168154e+12
7.468094e-03 8.128008e+12
7.488113e-03 8.088113e+12
7.508132e-03 8.048467e+12
7.528151e-03 8.009067e+12
7.548170e-03 7.969913e+12
7.568189e-03 7.931001e+12
7.588208e-03 7.892330e+12
7.608227e-03 7.853899e+12
7.628246e-03 7.815704e+12
7.648265e-03 7.777746e+12
7.668284e-03 7.740021e+12
7.688303e-03 7.702527e+12
7.708322e-03 7.665264e+12
7.728341e-03 7.628229e+12
7.748360e-03 7.591421e+12
7.768379e-03 7.554837e+12
7.788398e-03 7.518476e+12
7.808417e-03 7.482337e+12
7.828436e-03 7.446418e+12
7.848455e-03 7.410716e+12
7.868474e-03 7.375231e+12
7.888493e-03 7.339960e+12
7.908513e-03 7.304903e+12
7.928532e-03 7.270057e+12
7.948551e-03 7.235421e+12
7.968570e-03 7.200993e+12
7.988589e-03 7.166772e+12
8.008608e-03 7.132756e+12
8.028627e-03 7.098944e+12
8.048646e-03 7.065334e+12
8.068665e-03 7.031924e+12
8.088684e-03 6.998714e+12
8.108703e-03 6.965701e+12
8.128722e-03 6.932885e+12
8.148741e-03 6.900263e+12
8.168760e-03 6.867834e+12
8.188779e-03 6.835597e+12
8.208798e-03 6.803551e+12
8.228817e-03 6.771693e+12
8.248836e-03 6.740024e+12
8.268855e-03 6.708540e+12
8.288874e-03 6.677242e+12
8.308893e-03 6.646126e+12
8.328912e-03 6.615194e+12
8.348931e-03 6.584441e+12
8.368950e-03 6.553869e+12
8.388969e-03 6.523475e+12
8.408988e-03 6.493257e+12
8.429007e-03 6.463216e+12
8.449026e-03 6.433349e+12
8.469045e-03 6.403654e+12
8.489064e-03 6.374132e+12
8.509083e-03 6.344781e+12
8.529102e-03 6.315599e+12
8.549121e-03 6.286585e+12
8.569140e-03 6.257738e+12
8.589159e-03 6.229057e+12
8.609178e-03 6.200540e+12
8.629197e-03 6.172187e+12
8.649216e-03 6.143996e+12
8.669235e-03 6.115967e+12
8.689254e-03 6.088097e+12
8.709273e-03 6.060387e+12
8.729292e-03 6.032834e+12
8.749311e-03 6.005437e+12
8.769330e-03 5.978196e+12
8.789349e-03 5.951110e+12
8.809368e-03 5.924177e+12
8.829387e-03 5.897396e+12
8.849406e-03 5.870767e+12
8.869425e-03 5.844287e+12
8.889444e-03 5.817957e+12
8.909463e-03 5.791775e+12
8.929482e-03 5.765739e+12
8.949502e-03 5.739850e+12
8.969521e-03 5.714106e+12
8.989540e-03 5.688506e+12
9.009559e-03 5.663048e+12
9.029578e-03 5.637733e+12
9.049597e-03 5.612559e+12
9.069616e-03 5.587525e+12
9.089635e-03 5.562629e+12
9.109654e-03 5.537872e+12
9.129673e-03 5.513253e+12
9.149692e-03 5.488769e+12
9.169711e-03 5.464421e+12
9.189730e-03 5.440207e+12
9.209749e-03 5.416127e+12
9.229768e-03 5.392179e+12
9.249787e-03 5.368363e+12
9.269806e-03 5.344678e+12
9.289825e-03 5.321122e+12
9.309844e-03 5.297696e+12
9.329863e-03 5.274398e+12
9.349882e-03 5.251227e+12
9.369901e-03 5.228182e+12
9.389920e-03 5.205263e+12
9.409939e-03 5.182469e+12
9.429958e-03 5.159798e+12
9.449977e-03 5.137251e+12
9.469996e-03 5.114826e+12
9.490015e-03 5.092522e+12
9.510034e-03 5.070339e+12
9.530053e-03 5.048276e+12
9.550072e-03 5.026332e+12
9.570091e-03 5.004506e+12
9.590110e-03 4.982798e+12
9.610129e-03 4.961206e+12
9.630148e-03 4.939730e+12
9.650167e-03 4.918369e+12
9.670186e-03 4.897122e+12
9.690205e-03 4.875990e+12
9.710224e-03 4.854970e+12
9.730243e-03 4.834062e+12
9.750262e-03 4.813265e+12
9.770281e-03 4.792580e+12
9.790300e-03 4.772004e+12
9.810319e-03 4.751537e+12
9.830338e-03 4.731179e+12
9.850357e-03 4.710929e+12
9.870376e-03 4.690786e+12
9.890395e-03 4.670749e+12
9.910414e-03 4.650818e+12
9.930433e-03 4.630992e+12
9.950452e-03 4.611270e+12
9.970471e-03 4.591652e+12
9.990490e-03 4.572138e+12
1.001051e-02 4.552725e+12
1.003053e-02 4.533414e+12
1.005055e-02 4.514204e+12
1.007057e-02 4.495095e+12
1.009059e-02 4.476085e+12
1.011060e-02 4.457175e+12
1.013062e-02 4.438363e+12
1.015064e-02 4.419649e+12
1.017066e-02 4.401032e+12
1.019068e-02 4.382511e+12
1.021070e-02 4.364087e+12
1.023072e-02 4.345758e+12
1.025074e-02 4.327524e+12
1.027076e-02 4.309384e+12
1.029078e-02 4.291338e+12
1.031079e-02 4.273384e+12
1.033081e-02 4.255523e+12
1.035083e-02 4.237754e+12
1.037085e-02 4.220077e+12
1.039087e-02 4.202489e+12
1.041089e-02 4.184992e+12
1.043091e-02 4.167585e+12
1.045093e-02 4.150267e+12
1.047095e-02 4.133037e+12
1.049097e-02 4.115894e+12
1.051098e-02 4.098840e+12
1.053100e-02 4.081872e+12
1.055102e-02 4.064990e+12
1.057104e-02 4.048194e+12
1.059106e-02 4.031483e+12
1.061108e-02 4.014857e+12
1.063110e-02 3.998315e+12
1.065112e-02 3.981857e+12
1.067114e-02 3.965482e+12
1.069116e-02 3.949189e+12
1.071118e-02 3.932978e+12
1.073119e-02 3.916849e+12
1.075121e-02 3.900802e+12
1.077123e-02 3.884834e+12
1.079125e-02 3.868947e+12
1.081127e-02 3.853140e+12
1.083129e-02 3.837411e+12
1.085131e-02 3.821761e+12
1.087133e-02 3.806190e+12
1.089135e-02 3.790696e+12
1.091137e-02 3.775279e+12
1.093138e-02 3.759939e+12
1.095140e-02 3.744676e+12
1.097142e-02 3.729488e+12
1.099144e-02 3.714375e+12
1.101146e-02 3.699338e+12
1.103148e-02 3.684375e+12
1.105150e-02 3.669485e+12
1.107152e-02 3.654670e+12
1.109154e-02 3.639927e+12
1.111156e-02 3.625258e+12
1.113157e-02 3.610660e+12
1.115159e-02 3.596135e+12
1.117161e-02 3.581680e+12
1.119163e-02 3.567297e+12
1.121165e-02 3.552984e+12
1.123167e-02 3.538742e+12
1.125169e-02 3.524569e+12
1.127171e-02 3.510465e+12
1.129173e-02 3.496430e+12
1.131175e-02 3.482464e+12
1.133176e-02 3.468566e+12
1.135178e-02 3.454735e+12
1.137180e-02 3.440972e+12
1.139182e-02 3.427276e+12
1.141184e-02 3.413646e+12
1.143186e-02 3.400082e+12
1.145188e-02 3.386584e+12
1.147190e-02 3.373151e+12
1.149192e-02 3.359783e+12
1.151194e-02 3.346479e+12
1.153195e-02 3.333240e+12
1.155197e-02 3.320065e+12
1.157199e-02 3.306953e+12
1.159201e-02 3.293904e+12
1.161203e-02 3.280917e+12
1.163205e-02 3.267994e+12
1.165207e-02 3.255132e+12
1.167209e-02 3.242331e+12
1.169211e-02 3.229592e+12
1.171213e-02 3.216914e+12
1.173215e-02 3.204296e+12
1.175216e-02 3.191739e+12
1.177218e-02 3.179241e+12
1.179220e-02 3.166803e+12
1.181222e-02 3.154424e+12
1.183224e-02 3.142103e+12
1.185226e-02 3.129842e+12
1.187228e-02 3.117638e+12
1.189230e-02 3.105492e+12
1.191232e-02 3.093404e+12
1.193234e-02 3.081373e+12
1.195235e-02 3.069398e+12
1.197237e-02 3.057481e+12
1.199239e-02 3.045619e+12
1.201241e-02 3.033813e+12
1.203243e-02 3.022063e+12
1.205245e-02 3.010368e+12
1.207247e-02 2.998728e+12
1.209249e-02 2.987142e+12
1.211251e-02 2.975611e+12
1.213253e-02 2.964134e+12
1.215254e-02 2.952710e+12
1.217256e-02 2.941340e+12
1.219258e-02 2.930023e+12
1.221260e-02 2.918758e+12
1.223262e-02 2.907546e+12
1.225264e-02 2.896387e+12
1.227266e-02 2.885279e+12
1.229268e-02 2.874223e+12
1.231270e-02 2.863218e+12
1.233272e-02 2.852264e+12
1.235273e-02 2.841361e+12
1.237275e-02 2.830508e+12
1.239277e-02 2.819706e+12
1.241279e-02 2.808953e+12
1.243281e-02 2.798250e+12
1.245283e-02 2.787597e+12
1.247285e-02 2.776992e+12
1.249287e-02 2.766436e+12
1.251289e-02 2.755929e+12
1.253291e-02 2.745470e+12
1.255292e-02 2.735059e+12
1.257294e-02 2.724696e+12
1.259296e-02 2.714380e+12
1.261298e-02 2.704112e+12
1.263300e-02 2.693890e+12
1.265302e-02 2.683715e+12
1.267304e-02 2.673587e+12
1.269306e-02 2.663504e+12
1.271308e-02 2.653468e+12
1.273310e-02 2.643477e+12
1.275312e-02 2.633532e+12
1.277313e-02 2.623632e+12
1.279315e-02 2.613777e+12
1.281317e-02 2.603966e+12
1.283319e-02 2.594200e+12
1.285321e-02 2.584478e+12
1.287323e-02 2.574800e+12
1.289325e-02 2.565166e+12
1.291327e-02 2.555575e+12
1.293329e-02 2.546028e+12
1.295331e-02 2.536524e+12
1.297332e-02 2.527062e+12
1.299334e-02 2.517643e+12
1.301336e-02 2.508266e+12
1.303338e-02 2.498931e+12
1.305340e-02 2.489638e+12
1.307342e-02 2.480387e+12
1.309344e-02 2.471178e+12
1.311346e-02 2.462009e+12
1.313348e-02 2.452881e+12
1.315350e-02 2.443795e+12
1.317351e-02 2.434748e+12
1.319353e-02 2.425742e+12
1.321355e-02 2.416776e+12
1.323357e-02 2.407850e+12
1.325359e-02 2.398964e+12
1.327361e-02 2.390117e+12
1.329363e-02 2.381310e+12
1.331365e-02 2.372541e+12
1.333367e-02 2.363811e+12
1.335369e-02 2.355120e+12
1.337370e-02 2.346468e+12
1.339372e-02 2.337853e+12
1.341374e-02 2.329277e+12
1.343376e-02 2.320738e+12
1.345378e-02 2.312237e+12
1.347380e-02 2.303774e+12
1.349382e-02 2.295348e+12
1.351384e-02 2.286958e+12
1.353386e-02 2.278606e+12
1.355388e-02 2.270290e+12
1.357389e-02 2.262011e+12
1.359391e-02 2.253768e+12
1.361393e-02 2.245561e+12
1.363395e-02 2.237390e+12
1.365397e-02 2.229254e+12
1.367399e-02 2.221154e+12
1.369401e-02 2.213090e+12
1.371403e-02 2.205061e+12
1.373405e-02 2.197066e+12
1.375407e-02 2.189106e+12
1.377409e-02 2.181181e+12
1.379410e-02 2.173291e+12
1.381412e-02 2.165434e+12
1.383414e-02 2.157612e+12
1.385416e-02 2.149823e+12
1.387418e-02 2.142069e+12
1.389420e-02 2.134347e+12
1.391422e-02 2.126659e+12
1.393424e-02 2.119005e+12
1.395426e-02 2.111383e+12
1.397428e-02 2.103794e+12
1.399429e-02 2.096238e+12
1.401431e-02 2.088715e+12
1.403433e-02 2.081223e+12
1.405435e-02 2.073764e+12
1.407437e-02 2.066337e+12
1.409439e-02 2.058942e+12
1.411441e-02 2.051578e+12
1.413443e-02 2.044246e+12
1.415445e-02 2.036946e+12
1.417447e-02 2.029676e+12
1.419448e-02 2.022438e+12
1.421450e-02 2.015230e+12
1.423452e-02 2.008054e+12
1.425454e-02 2.000907e+12
1.427456e-02 1.993792e+12
1.429458e-02 1.986706e+12
1.431460e-02 1.979651e+12
1.433462e-02 1.972625e+12
1.435464e-02 1.965630e+12
1.437466e-02 1.958664e+12
1.439467e-02 1.951727e+12
1.441469e-02 1.944820e+12
1.443471e-02 1.937942e+12
1.445473e-02 1.931093e+12
1.447475e-02 1.924274e+12
1.449477e-02 1.917482e+12
1.451479e-02 1.910720e+12
1.453481e-02 1.903986e+12
1.455483e-02 1.897280e+12
1.457485e-02 1.890603e+12
1.459486e-02 1.883953e+12
1.461488e-02 1.877332e+12
1.463490e-02 1.870738e+12
1.465492e-02 1.864172e+12
1.467494e-02 1.857634e+12
1.469496e-02 1.851122e+12
1.471498e-02 1.844639e+12
1.473500e-02 1.838182e+12
1.475502e-02 1.831752e+12
1.477504e-02 1.825349e+12
1.479506e-02 1.818972e+12
1.481507e-02 1.812623e+12
1.483509e-02 1.806299e+12
1.485511e-02 1.800002e+12
1.487513e-02 1.793731e+12
1.489515e-02 1.787486e+12
1.491517e-02 1.781268e+12
1.493519e-02 1.775074e+12
1.495521e-02 1.768907e+12
1.497523e-02 1.762765e+12
1.499525e-02 1.756648e+12
1.501526e-02 1.750557e+12
1.503528e-02 1.744491e+12
1.505530e-02 1.738450e+12
1.507532e-02 1.732434e+12
1.509534e-02 1.726443e+12
1.511536e-02 1.720476e+12
1.513538e-02 1.714534e+12
1.515540e-02 1.708616e+12
1.517542e-02 1.702723e+12
1.519544e-02 1.696853e+12
1.521545e-02 1.691008e+12
1.523547e-02 1.685187e+12
1.525549e-02 1.679390e+12
1.527551e-02 1.673616e+12
1.529553e-02 1.667866e+12
1.531555e-02 1.662140e+12
1.533557e-02 1.656437e+12
1.535559e-02 1.650757e+12
1.537561e-02 1.645100e+12
1.539563e-02 1.639467e+12
1.541564e-02 1.633856e+12
1.543566e-02 1.628268e+12
1.545568e-02 1.622703e+12
1.547570e-02 1.617160e+12
1.549572e-02 1.611640e+12
1.551574e-02 1.606143e+12
1.553576e-02 1.600667e+12
1.555578e-02 1.595214e+12
1.557580e-02 1.589783e+12
1.559582e-02 1.584374e+12
1.561583e-02 1.578986e+12
1.563585e-02 1.573621e+12
1.565587e-02 1.568277e+12
1.567589e-02 1.562955e+12
1.569591e-02 1.557654e+12
1.571593e-02 1.552374e+12
1.573595e-02 1.547116e+12
1.575597e-02 1.541879e+12
1.577599e-02 1.536662e+12
1.579601e-02 1.531467e+12
1.581603e-02 1.526293e+12
1.583604e-02 1.521139e+12
1.585606e-02 1.516006e+12
1.587608e-02 1.510894e+12
1.589610e-02 1.505802e+12
1.591612e-02 1.500730e+12
1.593614e-02 1.495678e+12
1.595616e-02 1.490647e+12
1.597618e-02 1.485636e+12
1.599620e-02 1.480645e+12
1.601622e-02 1.475673e+12
1.603623e-02 1.470722e+12
1.605625e-02 1.465790e+12
1.607627e-02 1.460878e+12
1.609629e-02 1.455985e+12
1.611631e-02 1.451112e+12
1.613633e-02 1.446258e+12
1.615635e-02 1.441423e+12
1.617637e-02 1.436607e+12
1.619639e-02 1.431810e+12
1.621641e-02 1.427033e+12
1.623642e-02 1.422274e+12
1.625644e-02 1.417534e+12
1.627646e-02 1.412813e+12
1.629648e-02 1.408110e+12
1.631650e-02 1.403426e+12
1.633652e-02 1.398760e+12
1.635654e-02 1.394113e+12
1.637656e-02 1.389484e+12
1.639658e-02 1.384873e+12
1.641660e-02 1.380280e+12
1.643661e-02 1.375705e+12
1.645663e-02 1.371148e+12
1.647665e-02 1.366609e+12
1.649667e-02 1.362088e+12
1.651669e-02 1.357585e+12
1.653671e-02 1.353099e+12
1.655673e-02 1.348630e+12
1.657675e-02 1.344179e+12
1.659677e-02 1.339746e+12
1.661679e-02 1.335329e+12
1.663680e-02 1.330930e+12
1.665682e-02 1.326548e+12
1.667684e-02 1.322183e+12
1.669686e-02 1.317835e+12
1.671688e-02 1.313504e+12
1.673690e-02 1.309190e+12
1.675692e-02 1.304893e+12
1.677694e-02 1.300612e+12
1.679696e-02 1.296347e+12
1.681698e-02 1.292100e+12
1.683699e-02 1.287868e+12
1.685701e-02 1.283653e+12
1.687703e-02 1.279455e+12
1.689705e-02 1.275272e+12
1.691707e-02 1.271106e+12
1.693709e-02 1.266955e+12
1.695711e-02 1.262821e+12
1.697713e-02 1.258703e+12
1.699715e-02 1.254600e+12
1.701717e-02 1.250513e+12
1.703719e-02 1.246442e+12
1.705720e-02 1.242387e+12
1.707722e-02 1.238347e+12
1.709724e-02 1.234323e+12
1.711726e-02 1.230314e+12
1.713728e-02 1.226320e+12
1.715730e-02 1.222342e+12
1.717732e-02 1.218379e+12
1.719734e-02 1.214431e+12
1.721736e-02 1.210498e+12
1.723738e-02 1.206580e+12
1.725739e-02 1.202677e+12
1.727741e-02 1.198789e+12
1.729743e-02 1.194916e+12
1.731745e-02 1.191058e+12
1.733747e-02 1.187214e+12
1.735749e-02 1.183385e+12
1.737751e-02 1.179570e+12
1.739753e-02 1.175770e+12
1.741755e-02 1.171984e+12
1.743757e-02 1.168213e+12
1.745758e-02 1.164455e+12
1.747760e-02 1.160713e+12
1.749762e-02 1.156984e+12
1.751764e-02 1.153269e+12
1.753766e-02 1.149569e+12
1.755768e-02 1.145882e+12
1.757770e-02 1.142209e+12
1.759772e-02 1.138551e+12
1.761774e-02 1.134906e+12
1.763776e-02 1.131274e+12
1.765777e-02 1.127657e+12
1.767779e-02 1.124053e+12
1.769781e-02 1.120462e+12
1.771783e-02 1.116885e+12
1.773785e-02 1.113322e+12
1.775787e-02 1.109771e+12
1.777789e-02 1.106234e+12
1.779791e-02 1.102711e+12
1.781793e-02 1.099200e+12
1.783795e-02 1.095703e+12
1.785796e-02 1.092219e+12
1.787798e-02 1.088748e+12
1.789800e-02 1.085289e+12
1.791802e-02 1.081844e+12
1.793804e-02 1.078412e+12
1.795806e-02 1.074992e+12
1.797808e-02 1.071585e+12
1.799810e-02 1.068191e+12
1.801812e-02 1.064809e+12
1.803814e-02 1.061440e+12
1.805816e-02 1.058084e+12
1.807817e-02 1.054740e+12
1.809819e-02 1.051408e+12
1.811821e-02 1.048089e+12
1.813823e-02 1.044782e+12
1.815825e-02 1.041487e+12
1.817827e-02 1.038204e+12
1.819829e-02 1.034934e+12
1.821831e-02 1.031676e+12
1.823833e-02 1.028429e+12
1.825835e-02 1.025195e+12
1.827836e-02 1.021973e+12
1.829838e-02 1.018762e+12
1.831840e-02 1.015564e+12
1.833842e-02 1.012377e+12
1.835844e-02 1.009202e+12
1.837846e-02 1.006038e+12
1.839848e-02 1.002887e+12
1.841850e-02 9.997464e+11
1.843852e-02 9.966177e+11
1.845854e-02 9.935005e+11
1.847855e-02 9.903948e+11
1.849857e-02 9.873004e+11
1.851859e-02 9.842173e+11
1.853861e-02 9.811455e+11
1.855863e-02 9.780850e+11
1.857865e-02 9.750357e+11
1.859867e-02 9.719975e+11
1.861869e-02 9.689704e+11
1.863871e-02 9.659543e+11
1.865873e-02 9.629492e+11
1.867874e-02 9.599551e+11
1.869876e-02 9.569719e+11
1.871878e-02 9.539996e+11
1.873880e-02 9.510381e+11
1.875882e-02 9.480873e+11
1.877884e-02 9.451473e+11
1.879886e-02 9.422179e+11
1.881888e-02 9.392992e+11
1.883890e-02 9.363910e+11
1.885892e-02 9.334934e+11
1.887893e-02 9.306063e+11
1.889895e-02 9.277296e+11
1.891897e-02 9.248634e+11
1.893899e-02 9.220075e+11
1.895901e-02 9.191620e+11
1.897903e-02 9.163267e+11
1.899905e-02 9.135016e+11
1.901907e-02 9.106868e+11
1.903909e-02 9.078821e+11
1.905911e-02 9.050874e+11
1.907913e-02 9.023029e+11
1.909914e-02 8.995284e+11
1.911916e-02 8.967638e+11
1.913918e-02 8.940092e+11
1.915920e-02 8.912645e+11
1.917922e-02 8.885297e+11
1.919924e-02 8.858046e+11
1.921926e-02 8.830893e+11
1.923928e-02 8.803838e+11
1.925930e-02 8.776879e+11
1.927932e-02 8.750017e+11
1.929933e-02 8.723251e+11
1.931935e-02 8.696581e+11
1.933937e-02 8.670006e+11
1.935939e-02 8.643526e+11
1.937941e-02 8.617140e+11
1.939943e-02 8.590849e+11
1.941945e-02 8.564651e+11
1.943947e-02 8.538547e+11
1.945949e-02 8.512535e+11
1.947951e-02 8.486616e+11
1.949952e-02 8.460790e+11
1.951954e-02 8.435055e+11
1.953956e-02 8.409411e+11
1.955958e-02 8.383858e+11
1.957960e-02 8.358397e+11
1.959962e-02 8.333025e+11
1.961964e-02 8.307743e+11
1.963966e-02 8.282551e+11
1.965968e-02 8.257448e+11
1.967970e-02 8.232434e+11
1.969971e-02 8.207508e+11
1.971973e-02 8.182671e+11
1.973975e-02 8.157921e+11
1.975977e-02 8.133258e+11
1.977979e-02 8.108682e+11
1.979981e-02 8.084193e+11
1.981983e-02 8.059791e+11
1.983985e-02 8.035474e+11
1.985987e-02 8.011243e+11
1.987989e-02 7.987097e+11
1.989990e-02 7.963036e+11
1.991992e-02 7.939059e+11
1.993994e-02 7.915167e+11
1.995996e-02 7.891358e+11
1.997998e-02 7.867633e+11
2.000000e-02 7.843991e+11
